3.7455236825427285 1.3447655086066146 6.845695435675948 p0
4.655349454985872 2.3322276023534645 8.568368322769928 p1
1.6271501531149812 1.7668175650117413 6.217977059658625 p2
3.8044898719653153 1.8690627185340913 7.441393954456338 p3
4.446132384626419 3.427196984611723 8.789179160172118 p4
1.176492220382146 1.235552351847256 2.5669221307682584 p5
2.8809406574754135 0.5266114648607595 7.7562822650972665 p6
2.2030404340239675 3.700621307998291 7.094334110695118 p7
4.056585770777203 2.223868927620533 8.262015497778233 p8
0.3396978215105517 0.6031365740570888 1.2328140531511966 p9
4.998526484418965 0.6738039323631101 8.614866516357015 p10
4.143966991667898 3.1832705267939505 8.836631135483255 p11
4.444197110572144 0.37717426329216985 7.021509784145416 p12
3.5477820724825886 0.03809559001935081 7.606949503118164 p13
0.6282405796871626 4.353163732151973 7.796707776613417 p14
