2.4853772222055355 1.5982458040079544 7.836493194667854 p0
3.1031756178692738 4.281174949313197 12.243105339801593 p1
4.438061743929284 4.278275509080535 11.461915674980911 p2
2.62295726974801 4.39810374161315 9.151486090245028 p3
0.8408751225825079 1.6488758138940673 5.029602895298844 p4
0.32605417573626283 1.4417006217573325 2.8070384509967155 p5
1.2529882795623388 2.787726398260733 4.487308893135787 p6
4.9873613661161045 4.68058146103231 10.595795106857185 p7
1.5492818673839608 4.873353393896426 11.32180242428262 p8
2.4956440720078223 2.716011559249143 10.146340968931042 p9
0.31473025454467674 0.6645930744914302 4.398563936801118 p10
0.3054312924567931 0.3859530311499759 4.079514391851836 p11
1.2466521861607582 1.5928710346005626 6.969706376242373 p12
1.2229917094274834 3.678452045903934 5.097651654089434 p13
0.8976187021391041 3.3852002775170926 6.758344890257406 p14
