2.918488400475171 4.086613549119528 8.868739956046422 p0
3.01728852104942 3.9573187891891095 8.30158804558371 p1
3.296514195559867 3.2221390480136627 7.697670480798889 p2
3.184568279119182 2.834002865440601 7.892678433168743 p3
2.920073146163291 3.529613522372885 11.207214695732423 p4
3.6178979887501534 0.011751263566555092 4.702186356115882 p5
4.746437130478532 2.0502703877763944 10.037368763680604 p6
1.2513988326385383 2.116829612487363 7.194056451698292 p7
4.587356202387175 1.8915407431779978 7.770932862009493 p8
2.686491752145626 2.1291919269961825 7.2325136933560294 p9
