1.8787068374705518 1.0635602731884608 7.235083112916898 p0
2.249320644297099 3.5121454063970563 9.675109477880412 p1
0.24478898259963244 2.057879502832853 7.011542727135275 p2
2.95353596385916 4.819201488417805 9.94290728415715 p3
1.8708474526216112 1.026565731409016 3.993206964147232 p4
3.827908370429866 4.770295719074392 11.600041514823307 p5
3.1476129567235556 0.029819342622590672 4.454109820378694 p6
2.3854486354339546 1.442431024521655 8.647153660170549 p7
0.8721752558764256 2.8490534445914295 7.014779181222073 p8
0.9413997865985446 1.017736488404677 2.3870895853089187 p9
