1.078860418200247 1.6905599939980431 7.41939889559452 p0
4.925569774387203 4.826114146427702 10.580945577988937 p1
2.7390776519384907 3.1275107241948734 7.1827714591252425 p2
2.4318414553057672 2.691018408434394 5.308504469396545 p3
0.3025894466258655 4.335747503977693 6.68475511145145 p4
2.44853832088298 0.4949497688039828 6.610700730399742 p5
2.1756336386744266 0.5251971964064739 5.677247158642027 p6
0.6835943535564387 2.0073117773934506 2.868771079018774 p7
3.6187363813192626 4.558554316102503 10.95767954818747 p8
3.713890812137274 4.332775828452204 10.117287821629462 p9
