1.9329594089300688 1.5329623271489845 3.9750299689216213 p0
2.940256753963208 3.1759038190583473 6.489121885780815 p1
2.2519051644152137 1.8043204874217929 5.902359070626762 p2
1.9712292581535307 0.9578275181552642 4.684717735451917 p3
0.9344800522018937 1.2072626568878342 6.684847419239352 p4
4.341522899965588 4.020117740697954 13.263884745128795 p5
0.8055446308861114 4.455171607243298 7.724295129752974 p6
1.169438999650163 4.562229154815368 6.5687933744137705 p7
2.220009369901984 1.091427438997286 7.110840630354091 p8
4.528208443377776 4.204003537190343 9.303449849158707 p9
