1.226133947280112 3.6141983553206143 6.809364622274689 p0
2.5219799540702232 3.1514604408951334 8.80281259032388 p1
3.726314121372663 2.0147486805659973 7.811436095205098 p2
2.497478541488836 2.4364083286995837 5.306658795895406 p3
1.8314749649774438 0.9361894791258046 3.577776892554712 p4
0.6459088860492962 1.24362714249871 6.882277875321812 p5
1.0570104477295579 2.470577655302075 8.277611732304898 p6
3.7535530969499558 0.5242876277656838 5.691494878055315 p7
1.9900336611288294 2.3544049292794558 6.118830612309732 p8
1.6128786523170158 0.05678142508451112 6.030806791321744 p9
