3.4616038574227117 0.5350166459846434 8.787297033539701 p0
2.5477466449263346 1.947345988761921 9.446387100982403 p1
3.0451221430081454 2.5861314559708544 9.312099654775615 p2
1.8119032361308678 3.932202960263994 5.925335061038105 p3
4.384217178447206 1.913873566135313 7.703744840039311 p4
0.9899504673068593 0.7725277985533591 2.4124150176603463 p5
3.963736787294489 4.063553726796292 11.989031255748518 p6
3.207874876000308 0.03933449188049998 4.560620601306629 p7
0.893603789764626 1.4898171219415146 6.303199499234632 p8
1.392985612513522 0.37834069884465804 3.6771614767139953 p9
