2.3260232080471672 2.7238382272445447 5.218727958458991 p0
0.18540876223567926 2.2499700132047296 5.038651538434675 p1
0.5444983138886372 2.938476479220074 3.9561657285864738 p2
2.4531685312791343 0.6950387441480826 7.5823211494401725 p3
1.8695476080648858 0.04310667658024403 2.5917189539847216 p4
4.2157458599781705 2.5803001590799224 8.273622925242096 p5
3.615495765941774 2.031947081017024 9.05559693359567 p6
2.837934998985317 3.4841675578996205 8.183562427991243 p7
4.069403475125907 4.1690146634793015 12.744021399544728 p8
2.677371371167675 1.7519162980036747 5.1899373811303455 p9
