0.7137132431725202 2.42877799130894 7.14651621980674 p0
0.720777592994713 3.3610845843832413 8.293339055309444 p1
2.791964268032825 4.684536469750606 8.112992984709996 p2
3.148125816599636 3.774338457952566 8.220640407903758 p3
3.0293178704574326 4.481733909305625 8.208495577955885 p4
4.801542100765162 0.7016368678410345 9.089728452652242 p5
1.1253226216861922 1.3216587295562139 6.723755408793564 p6
2.834427371060353 0.4930404803221411 3.3422510024141214 p7
0.994613582945727 4.322585201485946 6.246562343015283 p8
4.080139983656009 2.711623241374138 9.362137512205077 p9
