3.8964748697140643 4.914343513698789 13.19874161752908 p0
2.71963532423717 4.715391450424438 8.794588531107753 p1
4.4665561795364574 4.740216242273183 10.038341100729493 p2
1.9124331087470292 2.6966084457511243 8.143466576189784 p3
2.3205011095165644 0.8131167878313184 8.057429405533545 p4
3.642366939204938 3.8873456935584527 9.355479026579097 p5
3.8401314306314487 3.9131418964715166 8.939752891052802 p6
3.139181888688074 3.9949973198688298 8.260504732849183 p7
0.5551127670667494 0.935973736502485 4.602215098652916 p8
2.3069745689730663 2.9956458446782612 9.838189141160923 p9
