2.141112286054379 2.4099004006529516 8.561047893002044 p0
2.646731125647823 4.879753968432741 9.663135521194826 p1
1.5741139354697449 1.2320194028869758 4.435953073677801 p2
1.1545206619782389 4.813941333136647 6.004119390789225 p3
0.2752300104579264 3.21853893749543 6.327393285912277 p4
1.5210384626514788 4.486325816575399 6.97107725980735 p5
3.6604501698260683 0.3600325612865507 6.498876935613686 p6
1.7584143689430265 1.5539710698998381 4.053790828363412 p7
3.1971958161349185 3.3504706634705523 11.34095959492138 p8
3.0055325983379038 3.242218676055667 6.436026738835857 p9
0.8145196873051314 4.9883262536397135 6.01316349395545 p10
0.7292454293466349 0.4754982062677904 2.9015055331103845 p11
1.600277352297061 1.0200539251654446 5.931144410634098 p12
1.8362205634099826 2.4030136293959163 6.862323198166407 p13
3.771137230815232 4.6003186331618515 8.864810021865516 p14
