3.19373693697429 3.064700328348873 7.602693645302008 p0
3.707621092911491 2.9978431479274614 7.9037363558514055 p1
1.7630925594559526 0.5498318172042205 4.039561914604238 p2
4.1180520982653395 4.895817367246978 10.959494699140098 p3
1.769869111717518 2.6250031312401347 4.6500030437546105 p4
1.4173287789829436 3.384835974442209 8.56980855910521 p5
4.161053313941978 1.1202298388149452 6.581585454209369 p6
3.031346367815372 4.558294656865575 9.861996274757615 p7
0.17834075496571622 2.460282832579827 6.766913205596371 p8
0.37070607302554515 4.572138540582627 5.919708337138241 p9
