4.8415211882695255 1.7253698430078523 9.650691905153252 p0
4.982389376154313 1.40626164264051 6.485873169725116 p1
4.905831984725432 2.6280129100417065 12.530366960371495 p2
3.107676711382391 2.0119900502585253 10.031437337995172 p3
1.5941915585477369 3.8557815007818013 8.392676457897515 p4
0.0570248846550625 1.640408160171209 4.100533731553244 p5
0.28398079760386774 0.8823719237651456 3.3774237567254906 p6
1.8894636103746631 0.09613946831707965 2.1172978952544694 p7
0.5551191326267224 1.5433274134896862 2.6159560889103872 p8
3.4715018462148253 0.2706596866245481 4.345678823416031 p9
2.2619354353763526 4.645084205587999 8.222456435732088 p10
1.0020730773023616 1.6800311090898705 4.421115957649938 p11
3.319476465958208 3.025305941584037 7.194208871373054 p12
2.0590965353466246 3.0007288024235352 7.827563519545128 p13
2.155521072525141 0.5765186119350546 3.2402582592590097 p14
