4.481162421780676 0.02648617040499457 5.7328655869136105 p0
0.5065886568934014 4.338787668771972 5.556872036654714 p1
0.014842211928193239 1.8392964237744551 2.022438121947509 p2
4.4037244121082235 2.113004982030393 9.004607647010813 p3
3.811161295128498 0.03395575005246232 5.622928610353544 p4
4.704248403517093 3.3124905190719725 11.2417260251992 p5
2.896673703012178 2.8486407389750563 6.108160039344578 p6
4.498550233643838 0.11388764017092046 9.501481326369952 p7
2.9646243840811666 2.9680090490560476 5.946958259841251 p8
3.4445548607011034 0.3799074730954155 8.148511697587013 p9
