4.911381822324309 0.40604189468744833 7.730541373161717 p0
3.8629363737309363 1.0466683064449605 9.608166997427823 p1
4.559745466166171 0.14691297360431177 7.622549538141688 p2
4.890589266537851 4.4293836834062335 13.965074305848109 p3
4.080708158367743 0.8440052588809521 5.2790308158700014 p4
4.578169723404594 2.192204944266612 9.07748409359653 p5
0.3541695988228005 0.9977498009658498 1.7266456673767987 p6
1.979376650137044 1.5715937602427905 6.376311454054138 p7
1.635607666524444 1.3937908990386794 5.5465305730199495 p8
1.2334403127096567 4.725008230261472 6.571908981057299 p9
