2.0801417407272416 0.33277982037358045 6.7188080514121005 p0
3.9021245316115136 3.2859227211115187 8.273230709363467 p1
1.8262473730961108 3.2263021064787933 9.041222302284487 p2
3.1653482728364684 1.3514269575675653 8.956295267767343 p3
2.6350289658429693 1.9953660861002864 8.293251362509272 p4
3.353640138685984 4.714996522369994 8.763110465970241 p5
3.1490681426116556 1.779606592602424 7.2775748879478215 p6
3.6826844674570918 2.3576915709905055 9.705942916029734 p7
4.213250669263504 3.3692911742529077 10.057022760817993 p8
3.4136319095358574 1.6297554675490726 9.157128797641608 p9
4.51573476787772 1.981512219771309 7.334738158451646 p10
4.96039997693782 3.0421369855011102 11.836466911414682 p11
0.33169224058127167 1.5735379474338655 3.5656771703051318 p12
0.07380087123607881 3.527578971056074 6.187112925700562 p13
0.07702407676049461 0.442323915325154 3.8810618210649603 p14
