3.120302476054009 0.5817044606367539 5.115297417767992 p0
4.058469692009168 4.724772829983303 9.587951471771879 p1
2.526795228837813 0.9295781883429516 4.455049980833291 p2
0.9553758236297388 1.747440622525351 6.364727581867539 p3
4.245743186833604 3.6706892776325297 9.504377211661453 p4
1.7505885940463317 2.3609257750235813 4.233075742547689 p5
3.940852189628927 3.2774846840380456 11.634377098261687 p6
3.3184835839007802 2.7306964740449473 7.454696296314863 p7
0.5460821194002119 4.189465499519993 6.311203448260036 p8
4.5427419797222965 4.059577276901896 12.23037532772194 p9
