3.8824715323719468 2.9664082039473882 8.09312716077463 p0
2.165631681011674 1.429433891550373 5.555929120470989 p1
1.5757586966117092 2.6262301286172436 6.80437803268432 p2
2.4604924091218727 0.13157253523289947 5.296793826645763 p3
2.6244419880006116 2.6861952338359685 5.715519069641838 p4
2.468047207649734 2.4381884779265235 7.046749173646281 p5
2.626113713909699 4.066602763039429 9.493858998698407 p6
2.374920921098129 4.8516351865605705 9.431172882444947 p7
0.9727310006772999 0.4076256233586045 5.402847064807328 p8
2.743770211555545 2.9510441597189088 10.229987988180623 p9
0.39505447832902163 4.773886536398412 7.240148403565684 p10
0.8027533504211298 2.8274691134364662 8.059752486732835 p11
2.2540682428119134 1.0406920458645668 4.45865272554218 p12
2.345455785155333 1.2815931965038108 3.8767033296012623 p13
2.3932382747712495 1.1047346035441215 7.140443003085014 p14
