4.823191553972437 2.3797355738114545 11.638336203809857 p0
4.860929057464287 4.066432918314604 10.317258227965416 p1
2.4736021814909392 1.553809490856649 5.371525836437817 p2
4.7187003902202225 2.113407096472538 8.541462512107138 p3
3.064359180573692 1.0140418231127186 6.516547779454864 p4
3.3170223804616876 3.708625801977708 8.61961019066339 p5
1.5260913730546561 0.6082366993155525 5.214475449211027 p6
0.03644751581930172 4.3940647175191 4.4571871766383175 p7
3.9664258778948214 4.288905220898482 12.721442288745116 p8
3.501024679356088 3.069290468250547 7.61034913747451 p9
