4.59639762125934 4.366255932365549 12.859005787591283 p0
1.7074516654757632 2.744506513535671 8.469397114455555 p1
3.678936874176875 3.378395026933956 7.105005187402777 p2
3.7855401072486368 4.886704347643994 11.96646499876658 p3
2.6362578487273565 2.928534976172244 10.322795518076507 p4
0.05274944173234375 3.5628004387671885 5.845908579004211 p5
3.844184544515443 3.988478288311234 8.462093860113118 p6
1.967275106894918 2.989480974443723 9.019867941764577 p7
2.407142514063734 1.7357613134355998 5.251614749979785 p8
1.9648871820127405 0.5764596944430078 3.3599387856504745 p9
2.1848321599199987 0.0197360266194474 4.459603329772072 p10
2.132911095191023 3.4478573568014377 9.922424590202091 p11
1.3642939052486547 0.3140930475581055 5.738996076858514 p12
2.533062597768633 2.49190920241235 9.081557460018487 p13
1.007990336478699 4.9244993918601265 8.361974982420103 p14
