1.7623270410127785 4.592639224408353 7.4340626656500035 p0
4.142322609743517 2.882223237793194 9.035174180558872 p1
2.392457456251141 1.3543549460225441 8.318637872994438 p2
4.503677843043578 1.3583839636015722 6.830481742433611 p3
1.1021580485426263 2.13996713009312 5.783947837002986 p4
4.726436758486539 1.1807021178158916 7.881542168485692 p5
4.464472707334178 4.757319487281903 11.754897249973173 p6
4.179253256769291 1.5854553735835242 8.32063896029106 p7
0.09765313950307386 0.6920747744736094 3.0526392498389288 p8
1.789310839306052 2.5005273780425257 7.683367789722531 p9
