2.9520323772144828 4.847640277762527 10.0195385752085 p0
0.53455981707558 0.3396365399529305 4.921405965916497 p1
0.2319035362736982 1.455317819366444 4.084848055526972 p2
4.490736116178132 3.443783099264101 8.464359932291613 p3
3.313137764839965 0.2987272769502536 6.833728966972087 p4
1.740974758545022 4.221102168602855 9.693020578869083 p5
3.003157049590029 1.0748775691181627 7.604105507983215 p6
3.5270943344852563 0.13644372594792564 7.333976379444591 p7
3.7107099279646723 4.846764133786228 10.056850870858419 p8
1.7756623867644172 0.5425959195989649 4.7393467565037675 p9
4.440887062927235 4.758292594942257 12.877496872152962 p10
4.018232441293818 4.791574786482126 12.500588320735451 p11
0.8993989306559885 0.856766444570356 3.816666212378699 p12
4.69988234442541 0.46956004732457923 6.408609088756601 p13
0.33509426306397305 0.16542893768862754 4.207340352124358 p14
