0.3346006874284102 3.112833867781238 6.188437554702205 p0
0.3425633339314943 1.597374494321358 5.248607371901773 p1
0.8138764536026166 4.072045988420633 6.8902661781727055 p2
4.886066544417243 2.529877634496553 10.21592878440324 p3
3.3348948865352233 1.8711536968199032 6.138052545281972 p4
1.0308827521677333 3.7737133803182967 5.053565536822983 p5
0.2369634363794798 1.1549810291023321 4.5418469961424535 p6
4.0471423569803635 3.678729926545837 12.278755991271657 p7
2.0715686476460844 2.2485217533404005 9.058825051936447 p8
2.7108571743201058 1.4957406962850117 4.3688226863637185 p9
3.4276470428961496 4.296011913710612 10.856025689934551 p10
4.5401071980140255 0.09855678690687208 6.547189997709374 p11
1.5322651830934475 2.4587131731285576 8.959838591001837 p12
1.8700169879752693 1.295668907231582 7.195388261118367 p13
0.6023004144802618 4.520923858784923 5.4864324248928895 p14
