4.333400295633665 4.959088899574367 10.994256251702604 p0
2.745281994023609 2.9419795722137847 6.819088471776016 p1
3.974006249571686 2.433472255359699 7.387051318996053 p2
1.3129357770676597 2.8901253856411264 4.520068013429246 p3
0.012869070310010389 0.06224298081596191 0.9458913670870889 p4
1.3254385681275078 2.9738160368206765 6.592677178627482 p5
2.9224043551509578 3.2344643977570704 10.380485047222901 p6
0.3744523269792077 3.167128132229295 5.1977835644288675 p7
2.8411456173566982 2.869625023737974 8.142705591171222 p8
3.2855228325555395 0.6016845678602428 4.332443564456313 p9
