4.895117524765558 0.8659511210534149 5.998658474179499 p0
4.692417403116369 4.7723047586941645 10.103997317808407 p1
4.552094121467372 4.049181394459539 9.273177368115578 p2
1.1338671082294582 1.1807574769179485 4.439880256149611 p3
0.9380662091307118 3.017219329919168 5.0618450211226715 p4
1.043302736197611 4.460271034114959 7.590493379059669 p5
3.5873452007438633 0.7015138252029723 9.28780963967048 p6
3.9756497321329625 2.6440948328530265 7.884242698047581 p7
4.685704609424134 1.1584821701841097 10.76689366898408 p8
0.7966765732794484 1.886321982135588 6.3497333828522695 p9
1.6962803239910562 1.0081064258081591 7.160049333982484 p10
0.3418225789846846 0.2821253955588432 1.1213271500081041 p11
3.338386782809986 4.168756789923492 10.739440365694728 p12
1.929270974638071 4.262373945363099 8.273735326852467 p13
2.787517663900634 1.6860262324971342 7.843171132426055 p14
