4.003422606091317 1.2766362498228339 8.972783975066228 p0
3.514052919927823 1.9188622745627089 5.874600324197571 p1
3.5246848956957244 3.5551041962057455 7.415663507528524 p2
3.2900556411909694 4.976097039111708 10.582199954467407 p3
3.189654628088598 1.2771019142827118 5.5927429194576455 p4
4.1840592895211035 3.2682789380063992 9.015216428859441 p5
1.124489512359691 3.453572587363704 7.853391381509359 p6
3.681852131351262 4.882257456285293 13.362481907700818 p7
1.6666004422630336 0.21909619830390303 4.54010955743035 p8
2.9802738654713328 4.537589687594633 11.01150433440177 p9
