1.3789227829506856 1.4957848959383857 7.345768563536194 p0
1.0489663924121762 3.908955358931978 7.389777399930832 p1
1.6612845262742821 3.0141996394545414 5.8527952672714605 p2
1.995761441155302 3.261673449750007 9.871520449321547 p3
2.174488475332075 2.54954195006678 8.064507561418289 p4
0.8695812570102646 0.8623555386872828 5.306255912661072 p5
3.4958085474990543 1.2614692843493684 8.222257581135434 p6
1.99614471713918 4.84612298390389 7.328725564366507 p7
1.1308380011317225 0.7882928940619893 4.844264355936275 p8
4.799824624294727 4.192958936290059 13.250693106833335 p9
0.547655652144956 2.107431457639413 3.3849324691323046 p10
0.5685326328669571 3.5447780557629156 8.188090288298046 p11
4.786372690959161 0.7038869206537085 10.363392050993955 p12
2.4828656733699725 3.1858762381201804 6.433629834211491 p13
0.8872268053588861 3.3297712012372678 8.49526968269463 p14
