0.5049071842122005 0.6912107535007195 4.437033106721461 p0
0.7166630329263862 0.5006399492578684 2.512092611044694 p1
3.1479489096852467 4.887256065191234 10.293697326535243 p2
4.266676730276767 2.3687249512373305 10.647367341525495 p3
1.3276547981052182 2.5819045734697275 6.730063480753048 p4
4.568306999039835 3.5063860308438484 10.161494081886335 p5
4.842909383059519 3.9359178626674662 10.386554446426834 p6
3.458399979630949 4.723879447346475 9.87739813093622 p7
1.4170499747237186 3.847649629862366 8.92462465920366 p8
1.7892002954671256 2.774170692725627 8.046956041602389 p9
