4.514438524821699 2.144658930176868 8.151122495542584 p0
2.633069952423261 0.10760737754102023 4.790993342497161 p1
2.5927986157161054 2.8977183637506787 8.143731817627106 p2
1.0866199674162473 3.7463274623897913 9.620037108394998 p3
1.901218154989313 0.45551668585083527 5.5108025998909245 p4
0.9981639451427404 2.7336490189745843 5.977342670159753 p5
2.144611635053933 3.298170535001981 5.673637132060046 p6
1.7350157635278758 4.969236697589361 10.434082082410937 p7
4.444910606605955 3.349718696376944 11.500281667224929 p8
2.35083068096037 0.34702130482546834 7.143127457602512 p9
1.3297763632389077 3.564648720264823 8.527700322111741 p10
2.9036993853516027 1.3771665800329207 4.4371821330016115 p11
0.31349557994956534 3.217474676020519 8.50998662631514 p12
4.739615049941345 4.496513344509658 12.747690792342866 p13
0.8525908971089019 3.5607080559498168 5.451596969399384 p14
