1.1079309240759405 3.583921731675819 5.411303947550324 p0
0.9541276486655009 4.223123170283109 9.79460355013131 p1
4.6239822388249205 0.1665134859239692 8.448129936007014 p2
3.036973490487778 4.532742189472057 11.559840534893254 p3
3.4164849595241042 2.126408743666219 9.844441617357829 p4
3.7915834033641294 0.29188633691231813 6.020957068008359 p5
0.824776389471189 4.9285459948244545 8.577322316653408 p6
2.527992848358482 1.2564559857686013 6.06969959608124 p7
3.2843516581834824 4.02194868415372 7.353238731160918 p8
1.7486503891126697 4.2779132689827515 9.353367582240766 p9
4.708202755150971 3.8029119985926063 12.277662031003038 p10
1.473964972746118 2.8942266986667993 4.561670690518841 p11
1.4182860851474195 2.8692329321122623 4.636488375507668 p12
4.723309636625914 0.4015738656780332 6.265308718385153 p13
2.5669785553155307 4.278808056992345 8.000062253160637 p14
