4.771014369472412 4.9836528601384575 12.726158101280324 p0
2.8083536870531622 4.061353799050126 8.775327977892125 p1
0.3617891005805751 4.506477180194648 7.874325838019033 p2
1.7455619928278616 1.254082373408928 5.213506415535569 p3
2.797391987177771 3.3436704912916677 6.666507902067266 p4
1.3104654376750506 3.403709492686282 9.323820151332702 p5
2.2034393271529797 3.001738028744187 10.08974560866059 p6
0.8698260053500045 1.6973583922066986 7.133373543064596 p7
0.0707813623999265 3.3087450462874997 4.370694812934759 p8
2.5288894673370628 1.5393544325609654 4.350171830375716 p9
