2.611389705137551 2.972532288413541 9.671422232967569 p0
4.48120356595849 4.2753842948682035 12.836912348492284 p1
2.694784025436312 2.4770601615393044 9.841786259022047 p2
3.358927822009859 0.31957299462171573 4.446800725992031 p3
2.4906536591413793 1.0128038358174718 4.456714362882915 p4
3.931861237470054 3.7188079973160937 10.315161156723542 p5
0.2948015313349034 1.4172642918257816 4.5082008827225835 p6
4.8595563960479184 4.799838804927578 14.256242724950381 p7
4.840024858771328 2.921243930482435 8.62918720572824 p8
3.349698339122594 2.457847603233423 7.370874412205451 p9
4.501744390725991 3.5336322575773367 12.091476334772272 p10
2.3390361155892547 0.4531578519843421 3.413737547108271 p11
1.4067031887731511 2.333586448117827 5.080780196825935 p12
3.6411467823379606 3.4366617968854554 9.748143650265757 p13
4.944247600253866 4.396776817913244 13.357482967723385 p14
