4.9967865494467 3.879537478611092 9.768663571534317 p0
3.3828455225485103 4.450525551373392 8.234665081699164 p1
0.821185779162904 4.150691415184038 8.003003706442115 p2
1.3243330327560505 1.700111614314312 5.354949874366255 p3
4.044718756386648 0.9616949533476871 8.595194806588472 p4
1.73258883227008 0.12139691387288876 1.9737694856187789 p5
3.580229907036849 3.167018264118661 10.644903554514372 p6
1.1612279341340093 3.687150759434863 7.405735034129885 p7
4.3155826900302605 2.782382822941321 10.953682758499639 p8
0.7451976828181356 1.0388827098960278 5.721264254376372 p9
0.8898486978955328 1.3200532660738484 5.350729785202915 p10
4.312806086549879 1.1671279875341818 7.695888456795382 p11
4.526803293390287 1.2185359411618035 6.529534724704424 p12
3.3002676389896095 0.13171362678352727 5.276330772260798 p13
0.947305328507681 4.7500974819439605 9.414020109263507 p14
