3.2203455474291367 0.4817470439370436 6.166331861432714 p0
0.9671984168973968 4.593304143497768 9.054889147073428 p1
4.511923048787052 4.669171524888213 12.403434741479721 p2
2.327603629590112 2.476893144792852 8.259452873734794 p3
2.336115266951941 4.078530195795336 6.559894938620284 p4
1.8308941291945362 1.4293996611362703 6.136140157125599 p5
2.7208363244282867 2.7440260896123707 5.618597931924042 p6
3.0878168142048605 3.0605602847887887 8.194390306293927 p7
3.8771121378137607 3.5787432817631744 9.496939233033618 p8
4.067758206456434 2.9871379707502954 8.738432738986837 p9
