1.757138072996523 3.015113099930162 6.1721688735467595 p0
4.233120347100948 2.6176169412625105 7.119854212936806 p1
3.888634371143258 1.719410337849427 7.0680021243988875 p2
0.1790434502025101 3.6778557591686347 6.5938846713323365 p3
1.302605487309202 2.102058892073707 4.833832141144025 p4
4.679707162438276 0.5952008437551898 6.3331190704615015 p5
2.3319108815497906 2.750011775889628 9.990803444891474 p6
1.9843581467531335 3.8729689232009292 7.962278393547814 p7
4.901963171513265 2.3609296191361095 8.258177630086166 p8
0.0848062405251454 0.4104347625716165 0.7457133380292769 p9
2.6840366228166266 3.86898846451793 10.482139631423731 p10
0.7123446450832488 2.1994377966207 3.2037380452074156 p11
0.5641807300464607 4.399564622752929 8.870780064539078 p12
3.7716606389915714 2.402927275107703 7.004523153590768 p13
2.036917354727716 2.7185580254154447 9.097919411667835 p14
