4.386285077703495 1.7538723357080055 8.266582737657476 p0
2.810334726215781 4.1964273376865675 11.462276848723054 p1
1.5730936341556085 0.2254054594733529 3.963229269090147 p2
2.4793499149167344 1.499456747258241 5.241031838782737 p3
0.8472443816639619 2.46401341177637 8.07025419687691 p4
4.37749686343486 0.1909595203618708 7.62525428703157 p5
0.23431798969489048 3.408012649534678 5.484646133960086 p6
0.6895309653792137 4.239381704838102 8.123338496501564 p7
4.638960030242088 1.353988620632152 8.051124997829028 p8
0.9287753774237562 1.3868702829330388 4.291203301865749 p9
1.312799506156273 0.8612638218213187 2.2351161444886243 p10
1.677450741243427 4.9862619462926245 9.294382838642658 p11
0.22303849139497567 2.695732085166948 3.813195848768568 p12
1.5530045207364807 3.4082565144260806 6.623934734965124 p13
2.2254262284519966 2.320287401117733 6.153791355622692 p14
