1.357866598952186 4.317427876183305 8.913314375108206 p0
1.76707361497396 3.7561094421451684 8.210642689332207 p1
1.5302354725402179 3.5565917483492187 8.684859768100186 p2
3.455258562981655 4.752668958221086 9.735796883227216 p3
3.034458508712064 4.1158442900493135 10.847894179546092 p4
1.4000805361128927 4.189733431736768 6.628415290674004 p5
0.10749771007308007 2.647933568827903 7.153027674685269 p6
4.729628812723174 3.6922624168282745 11.331932269760639 p7
0.6678244544653217 1.013050774830393 2.3880953065429344 p8
4.39307554609975 1.8393536152817647 8.670242373652172 p9
