2.1979235565369812 1.0915481644673548 6.26963799731199 p0
1.436005879745047 3.970567725458658 9.471014190392546 p1
4.8442718118804144 3.683927911783043 13.162669470889146 p2
0.8094628783614938 4.668220429348644 8.883500413967775 p3
3.082930660671632 0.7663080996895566 3.9021427232801353 p4
0.7536688583704881 2.599857832960792 7.1493516285453715 p5
2.419551496444245 4.485412548274718 7.888410916522084 p6
1.2369756980610962 4.035861080633348 8.520728010988796 p7
1.7852133946585558 3.8988877414854106 6.073460351081285 p8
1.3824171714979694 4.426187828063914 9.501053679887981 p9
