2.638921746309568 3.332401059297505 7.855135192893625 p0
3.4734191388964266 1.844666540060631 5.648407296477216 p1
1.323072944331158 1.1190637594797992 3.4670574000772003 p2
0.6872934156223542 1.1437673528757775 4.02882202668437 p3
3.9408708150562557 2.8642976753223115 11.346597574895014 p4
4.863688463870719 1.5726008588161622 8.624508004889945 p5
4.248951361466334 4.733947868580042 12.026814099411936 p6
0.6106724521552154 4.04497976724315 5.881158514180861 p7
0.7318255773693139 1.7681696602525614 4.79490872451472 p8
3.163740320114394 3.770848578382969 9.290194400697503 p9
0.11325205610953404 2.344593901838923 5.030928380264413 p10
1.4290068772448938 4.2730958603031235 6.117366333331693 p11
1.735734611781783 1.9539263482962521 7.892608098224202 p12
0.47804077677234935 4.286237547649547 5.352026430963206 p13
2.4397750735237347 4.285022315061315 9.460952777318626 p14
