2.09012863197229 2.2508892043113535 5.335490778190737 p0
3.0574765264244457 3.496915357264461 11.531414052536611 p1
3.9072296796967168 3.641167296740117 10.814755301856017 p2
4.963474050762523 1.982914292218777 7.29654473140802 p3
4.283209568699001 1.5038294262872038 8.634774891212924 p4
3.508890775641226 4.223624818082677 8.841991744806766 p5
0.2425728199111249 0.18698126320888575 4.625178946222639 p6
2.4140502178647125 0.6554526482305595 5.05745043825161 p7
1.759436280034471 1.0759795793591598 4.687239459199362 p8
1.229879283992696 4.850730769202609 9.610780096868522 p9
4.950229456745323 1.7858426196344312 7.194104459879408 p10
3.5660375501434705 1.0604040730844089 6.312173215627899 p11
0.25781869688211945 2.3638871986586736 6.867580483281504 p12
4.98007790325368 2.0862260648714597 11.84247996438105 p13
2.073302200977806 2.1114612510479045 6.182872318598781 p14
