0.8811347282545434 4.5372080936015555 7.517138099251688 p0
1.437486146093645 3.396660020832363 4.985763179834327 p1
3.7677724666703254 1.2121811630797446 9.79756688540332 p2
3.9792986172853446 1.4654263285534346 9.206064405295072 p3
3.2445500683542883 3.776673551773916 7.530803765163907 p4
3.7361731762591455 1.7126864140120246 6.213377227545043 p5
1.8165966933145712 1.5941122587707202 6.795809754732381 p6
2.8473571688867088 1.2078045794373438 8.261770805617392 p7
1.8685595955830219 0.7436103585728548 7.067394097033452 p8
4.681982573221816 4.367410559431295 13.13462997899594 p9
2.4802207065598125 2.160288389933079 5.873806097478598 p10
3.4994973838546524 2.948546524266211 11.196440435157468 p11
2.425738766265286 2.7309585730776735 7.085306003248261 p12
3.2447067901507665 0.36107531045538654 6.762607158686475 p13
0.43195233948757683 3.420468394318714 6.728755148985245 p14
