2.050699293867292 3.525609902292693 8.939566859921074 p0
4.49546568325046 0.4862269907109007 6.572371714796037 p1
2.1124500104669885 2.7058570505396977 5.33157125963078 p2
2.9051029908995103 4.586042053252703 10.906735153946526 p3
0.6394741855380232 2.766661693646986 8.034191661010613 p4
1.828745979274874 0.7764914205573625 4.042190147670469 p5
0.11779069873527448 4.880409111133448 9.001147541418677 p6
4.7124695388568245 4.124993859724468 10.946438751379748 p7
1.955185549936636 3.2383728873453084 9.116854171825969 p8
4.273596327906643 0.6526994731084268 6.898136589590466 p9
4.42956315254971 2.1652918515083956 7.492173428530783 p10
1.219099499473994 1.5273265245117817 4.343154253499556 p11
0.6845337750538266 2.7150551356765664 5.79812123408008 p12
3.278476639201144 3.5815680996043087 10.336046761078688 p13
4.0472311491962305 3.15110589232971 8.207933157616676 p14
