1.0054977404483878 0.14300393198471928 2.541033883207078 p0
0.8434985970957443 3.4781488419013895 5.641786719838009 p1
1.084084868438104 1.5129108568235694 6.06305105645223 p2
1.128498604511221 3.4088749926009143 6.9070965720132325 p3
3.0669452875176346 3.292201918835796 8.35685871901459 p4
3.3460065418916516 2.5999904834080194 9.178739943380567 p5
0.2413038893599323 2.273555351785901 3.918675838578026 p6
0.9691081003282287 3.479441207148155 4.886680300115994 p7
3.3221908384804073 2.667082061557586 7.365571041369495 p8
2.1527793106162902 0.43300180735230454 5.847546217926615 p9
3.489807758641908 4.32089961289711 11.251866628989733 p10
1.8984397485141251 2.5919650616547822 4.932796923660093 p11
2.7702139938461245 1.3801852191734643 7.070684392426658 p12
1.1937505613065698 1.3476408765224916 5.699087763050038 p13
2.214334126478159 0.367650241329992 2.624464599979806 p14
