2.904395359673476 2.5331102721505787 8.380801536813982 p0
3.6935943409423415 1.8076421780354162 7.177922277883467 p1
0.7781280869012458 3.930129027219266 8.935519061468337 p2
0.4966545390132149 2.7633934915379976 5.474073617977166 p3
2.1011985180418433 3.5651702072866565 6.12085786493083 p4
4.3748855852308095 3.450391723670905 12.65427339368684 p5
3.3718941726421408 1.8390458052754184 7.699406405437973 p6
1.2793461795258432 1.2640868277381856 3.4893978563810353 p7
3.2352357422776903 4.03579723794138 12.26378588015707 p8
4.152956328141697 3.1292122601922316 11.096411368449582 p9
