4.349991522827029 1.2198426682774692 7.93564978579503 p0
1.810282879819921 0.49437056195251794 3.720606623385964 p1
0.08347079821179049 4.866203613496779 5.461952140820373 p2
0.36663802231241494 4.022205903327701 5.057848425550374 p3
2.420239501727792 3.7397917862670127 10.078165162136115 p4
0.8634362096557902 4.856453231598729 8.350966304296753 p5
1.5184775928309568 1.8826077784639734 8.107244631778494 p6
0.6610321442348394 2.29006494363159 4.51733923718729 p7
2.4380602141327916 4.5709527809734 11.137766156133722 p8
4.619799916071352 1.6358186194150826 9.437874173485953 p9
3.486958668350819 2.1881558322626518 7.513741966536611 p10
0.9770626049281889 3.8932614332076083 5.081265108858473 p11
0.01748750290860801 0.6953763882185654 1.0393652852238522 p12
0.40324442599016297 4.5077607614156046 9.066886969688234 p13
0.4533897508333312 1.4882115657580592 6.5507999200406495 p14
