3.268476294657587 0.42491922037777463 5.7457108712348575 p0
4.64696311189541 1.1931807252329962 8.837319953763988 p1
1.4499931715815233 0.4466214247105976 6.080267076945976 p2
3.8226777675744 0.8787525349483349 7.314748025016698 p3
1.9745247184224268 4.998144858806674 11.354533645478181 p4
4.604273910901277 2.266536591346994 8.733792156596458 p5
2.596514087565089 4.309871714335444 7.569980747440352 p6
2.329634470771278 0.031251802047457256 4.300225210491821 p7
1.7413439333676002 4.897341946300424 7.157853955019687 p8
3.0884298537188526 0.7586179305825475 7.085462248267177 p9
4.090326588807198 0.3810299521225985 4.4951245030495075 p10
1.3781874401100276 2.614362245452342 6.956358026152305 p11
4.851036917422692 2.488400065344503 8.830693462093755 p12
0.793713846997755 2.1603566836240655 3.459636634111042 p13
3.1966245773434983 2.5261757573545762 8.524814426144847 p14
