3.1319147332820534 1.8318037881128169 6.982308721094174 p0
0.9809392071977174 0.31840899479415485 4.6785641040995705 p1
0.6776455015501565 0.3030809326924855 4.400755457572428 p2
4.2888510508198046 4.029114094282368 10.865950205771682 p3
0.06962246506017955 2.595439445415611 3.1260488772643957 p4
2.518650192410928 4.807435781658734 12.258131109041365 p5
4.8856278977556 4.185170914550993 10.714337708423773 p6
2.554423201395192 1.5699236886665124 7.320679118484344 p7
2.9412888729032103 2.1563926954232278 6.394548618560018 p8
2.2903347781131513 4.563379293296271 11.300392323041155 p9
0.25986799706206654 1.7730354647343254 6.488461658769719 p10
2.866571323414233 1.9372429089472742 9.369484543258896 p11
2.2351123116111555 3.649944373393041 7.093414423076146 p12
2.2329432626182015 3.696321578521153 6.067142803681837 p13
2.99795430212058 4.048411287754906 11.847691101738166 p14
