0.3221506041446853 1.7580225881076883 4.868484956804932 p0
0.2787877020022128 4.284784234352231 5.288109005780986 p1
4.257583464260474 3.714061923731192 10.088948704482457 p2
4.494681393547281 1.6619463245806498 8.655486496817115 p3
3.9785427807605327 3.620103932968239 9.633161071013692 p4
2.9220502870537644 4.114374045926325 11.854760569207597 p5
4.42745194834452 3.291126511732428 11.320441609255653 p6
0.8799932694630463 0.05437766270939892 4.135649978724428 p7
2.48104310330071 4.735337571672 7.465762396906222 p8
0.6931547871466726 0.30521111042609295 2.8540486477974762 p9
