3.8859518779071345 1.7283262592368909 7.020957983663886 p0
2.5782923005584086 4.997453926358791 8.083337064028541 p1
4.787519559566257 3.776487359480894 10.172897134166112 p2
4.386421412646761 3.0287580964268095 11.561328261435413 p3
3.093875698957022 3.6713871509593416 8.375716055887997 p4
4.593348206165262 0.512390453315969 5.846420413087562 p5
0.18053297279191527 2.3478255199428832 2.9150638702940226 p6
3.393475810356022 3.0463081979069213 7.163190852276815 p7
4.998175427324519 1.0153099312820175 7.64499191137493 p8
3.5674319033285196 0.7200309310917047 6.318963001629971 p9
