3.212067999267194 2.0612785786160663 6.080905196578261 p0
4.090928132960798 3.171508658936709 9.424462834123007 p1
2.250607334811074 0.995657185360882 5.355846587846461 p2
2.4228345366912474 1.1479941453062414 6.930640055167602 p3
0.9177394099133085 4.578292592642966 7.3512143539243 p4
1.004664699614326 1.3022957869275997 4.3280757925667785 p5
3.995626084734823 1.4883252605941082 8.885234147194993 p6
4.957012135590122 1.3328133912828566 7.628904555479605 p7
0.3754104050770041 3.4183478894541364 8.481648348169676 p8
2.8398629436020655 1.265598147996137 5.2004858032816665 p9
