3.99818265806615 2.7450026973847863 9.803079838056894 p0
0.9483765710235009 3.650826600252502 6.0496287359926 p1
2.1571354896602264 2.895477754658865 5.336419387983639 p2
1.0493678852990362 0.13325023553116877 5.907903894317635 p3
3.836226116576693 1.6022067069527979 8.248706924224658 p4
0.16979951612197453 3.6701718826579643 5.579061171399994 p5
4.747910032392984 4.2757680722229265 10.180036866030829 p6
1.0584559156062812 1.3754279400450276 5.589869048493948 p7
1.0759267319880799 1.185350318709098 5.130326996426685 p8
3.175976416499186 1.7998845767040927 7.164387734924711 p9
3.437961859657605 3.6689939243808496 9.16017219768056 p10
3.189579065542081 2.2000983660202413 8.052902081234489 p11
0.2860777459030006 1.587998973483708 6.803752909178886 p12
0.7893459092794641 3.0859578257886127 7.780093901695709 p13
2.304515981140782 0.010237833866629242 6.625963571334548 p14
