1.2426729119177804 1.1276076173637606 6.697628571214624 p0
2.921645732807715 1.4951801665261633 5.384935305298831 p1
3.984296899970702 3.249876541301912 10.069518802575985 p2
4.752116618580844 2.8696045222963606 9.438326387755295 p3
2.010842891235195 3.849180354395333 9.14538510086675 p4
4.422045779838148 4.3330389739287325 8.898599098049196 p5
0.10955245479474018 0.026630631139757388 0.2633649153521339 p6
3.1017363407861676 2.299345549553873 9.607670511474186 p7
1.1201418132531877 4.311104833446795 7.218186125426821 p8
1.1668673722409095 3.08617573044864 7.451929264900146 p9
