2.4313311381409846 0.39765700060885145 6.69632103775485 p0
2.147826621387466 3.0836343612415504 9.3162989721507 p1
2.9872598235038788 3.1834923644429027 6.59167641334341 p2
3.576332685618068 0.6717633733301048 7.28467638033948 p3
0.27322301941851146 1.741179356938984 2.344119415001861 p4
3.0150088916508277 4.467420578603659 8.46266897321503 p5
2.9808866486295638 2.298017694003309 7.819014503932003 p6
0.4301651612798646 1.6553349942789208 3.332684304824373 p7
1.6091517364340509 4.508147283115786 9.583743921880728 p8
0.7567206061042514 2.677948537726161 8.310110345836009 p9
