3.875725101876192 0.021612055951263365 5.594197280437594 p0
0.32293842498186953 1.0649879724631695 3.4087815633506393 p1
2.955887107423587 4.752731166784442 9.89890899442394 p2
1.9272824170552743 2.587040049428543 6.652806945830026 p3
4.522524885207566 3.971240654640145 12.23778020229252 p4
4.334585037456058 2.2397613317724985 9.667490385600859 p5
2.481879653455504 4.531265731653199 11.35816648956719 p6
1.7107898406850937 1.2915958295651908 3.4997854003582844 p7
0.9876379541029251 0.02953324857087325 2.288879408788813 p8
0.6052278308240316 3.1484234929793127 5.690654282632742 p9
0.37536915127378667 0.916223284829461 3.506774383297082 p10
1.7509181190962653 3.4610287222632503 8.219090219590909 p11
2.970940753935904 4.200411091488666 10.104272756310106 p12
3.151404274725217 4.042584886897477 9.69317207336798 p13
1.8698755661490503 0.09583151699823711 6.361428314448763 p14
