1.8044469330637676 4.483678325999136 10.493836273313828 p0
0.5115084506659168 2.5230534499648307 3.8602997265544197 p1
1.288984208445858 0.5581264902801558 3.8218066759086775 p2
2.5790748237737744 0.22870527352678804 7.435279936252574 p3
3.228214064686079 3.50654238535647 11.491217824655577 p4
0.5822317539169602 3.477984557084582 6.548255363960497 p5
3.879365850994753 0.5548097727986151 4.6314654117697405 p6
1.117984261057126 3.7221638707521647 6.992896701392 p7
3.557166971744294 2.99065049789649 8.893827697952537 p8
4.456592056727684 4.069548596232922 10.719254622022293 p9
2.95149442589518 4.873277072245235 12.34534654971376 p10
1.880834173160388 3.4848883001267676 10.127359136094633 p11
3.7516107149272826 3.3980522090094474 10.000288597389785 p12
3.7425527938313374 4.652966896280613 9.197095053722304 p13
4.339722042845493 2.040284741361002 9.158631460996467 p14
