1.3745296696615221 4.649153187621701 9.5855583266114 p0
2.4896248801999694 2.7328114726136006 6.680848206829129 p1
4.75530497488077 0.5679369475768153 8.155537906562135 p2
0.7529088086212177 3.1229235030553797 5.207095347978559 p3
1.535754526223991 4.273739861210697 9.0271503988411 p4
2.2540464237641533 1.2796085998994666 7.73605444388144 p5
1.7801030625924392 2.5942570734821855 7.1930010643857845 p6
4.487036688433615 4.462631747190969 9.342118695394555 p7
3.12589003447295 1.2419266202488677 6.113176249206544 p8
4.162351924079951 0.9620467683178047 9.047414028892923 p9
