2.7329213829963606 1.834665706136538 8.445111993750267 p0
0.2387852943051788 2.3585157368757717 5.248135159221167 p1
2.5302093834428083 0.23318655299262692 6.300127136287352 p2
4.147821713008393 3.5155370435110105 7.827681647977596 p3
2.7890255768339993 3.7154498791131045 8.130019325498763 p4
1.4764336460442251 0.8596154652207771 6.614742431369997 p5
0.5601181619815682 4.5377228101848255 5.728493116476356 p6
4.416148019605073 0.6370744480616009 9.459014852574459 p7
2.2589301745239645 3.917382222901544 6.960073956123071 p8
2.4051303301387454 3.6067493392355847 8.409448295657022 p9
1.0010565205813526 0.19003067257947426 5.78656784924592 p10
3.9435858091150244 2.410460071337623 8.619996571763872 p11
3.0627372109951367 3.183208142715879 10.76259950448785 p12
1.6319561603176036 0.5702561188114857 2.5723251862087597 p13
3.400771942290595 3.9437297117999863 11.947520563187599 p14
