1.7076317992379426 0.697700259785699 3.685807286079652 p0
4.21468400953 3.196212598762938 8.850434058183836 p1
2.4755368842586005 2.0649200903841662 9.106235954075984 p2
3.3823497082506644 0.7061003445866126 4.452699380853513 p3
3.087316301142713 1.8508014449530346 8.512513913203694 p4
1.5056277901207527 0.842668733945669 6.4964119710055765 p5
2.770237028393416 3.731176099262989 8.63036630248327 p6
3.5538653045012287 0.4110695359349531 5.124069844717896 p7
4.527946936094463 3.464502437863244 10.02257072252738 p8
2.410165740582033 2.056008286162077 5.312447464412546 p9
3.283333585858197 4.753495856489619 11.685790724415575 p10
3.7312506826606273 2.9506598204721013 8.33048768983826 p11
4.337469562073907 1.7991211460600804 8.078576815866775 p12
3.7410870766182542 3.5304777648828884 10.41556350358238 p13
0.49714279706831677 3.3314205000831647 5.940492918017947 p14
