0.8897307435971868 3.113644838911282 4.501438727632665 p0
4.229507644770524 4.614905886848909 10.589438838531242 p1
0.4901651037427768 1.0363216045312396 6.471971214466675 p2
2.1184643112830575 3.101191452927524 5.5878253354781595 p3
2.802152444875964 1.7941822327958539 6.281260303949782 p4
1.4193760281705503 2.021693475447162 6.152184798916906 p5
3.1854721443090033 4.587107129498202 12.64713899895708 p6
4.611342662008267 1.9168703900928352 7.96214335019323 p7
1.2300620921938121 4.741951664970544 10.83087335157916 p8
1.508270227271038 1.9452596455882298 5.008182019416653 p9
